transcripts_nb	time	prod_rate	mean_prod_time	mean_bind_time	mean_ocf_time	mean_esc_time	mean_init_time	mean_elong_time
1000	25609.640000	0.039048	25.529930	25.492550	18.558446	0.040000	18.598446	110.468600
2000	50035.520000	0.039972	24.977629	24.967768	18.122117	0.040000	18.162117	108.880680
3000	75425.680000	0.039774	25.115185	25.119747	18.230060	0.040013	18.270073	110.133640
4000	101814.480000	0.039287	25.433668	25.424266	18.531668	0.040010	18.571678	110.316460
5000	126836.560000	0.039421	25.351334	25.332449	18.438033	0.040016	18.478049	109.883144
6000	152177.160000	0.039428	25.349545	25.345067	18.429732	0.040013	18.469745	109.757073
7000	177260.480000	0.039490	25.311507	25.297180	18.398721	0.040011	18.438733	109.628223
8000	202454.240000	0.039515	25.296787	25.289059	18.364941	0.040010	18.404951	109.602775
9000	227587.000000	0.039545	25.278560	25.275091	18.325397	0.040009	18.365406	109.476356
